0501
0080
0028
0008
0203
0300
1000
0000
0000
8044
1010
0200
1500
2000
0020
0081
0028
0006
0003
5D00
1081
0200
0000
815C
1010
0002
A700
1085
0220
0082
0004
0008
0003
4C00
2081
0000
0002
0013
2010
0202
0500
1000
0230
0083
0014
0008
0002
9300
2081
0200
0000
8194
2020
8402
E800
0603
0300
0000
0064
0010
0000
6500
1000
0010
0000
0066
2010
0300
0092
0032
0002
0201
0400
1000
0000
0099
0032
0006
0203
0600
1000
0200
0002
000D
1010
0202
0E00
1000
0220
0105
0000
0006
0003
6400
1000
0000
0000
0065
1010
0000
6600
1000
0020
01F4
0000
