0601
0075
0028
0008
0203
0300
1000
0000
0000
8044
1010
0200
1500
2000
0020
0076
0028
0006
0003
5D00
1081
0200
0000
815C
1010
0002
A700
1085
0220
0077
0005
0008
0003
4C00
2081
0000
0002
0013
2010
0202
0500
1000
0230
0078
0014
0008
0002
9300
2081
0200
0000
8194
2020
7902
E800
0603
0300
0000
0064
0010
0000
6500
1000
0010
0000
0066
2010
4000
2801
0400
0200
0000
814D
0010
0000
4E00
1081
0010
9103
3200
0200
0100
0002
0004
0010
9800
3200
0600
0300
0002
0006
0010
0202
0D00
1000
0210
0002
000E
2010
0402
0001
0600
0300
0000
0064
0010
0000
6500
1000
0010
0000
0066
2010
F400
0001
