0601
0085
0028
0008
0203
0300
1000
0000
0000
8044
1010
0200
1500
2000
0020
0086
0028
0006
0003
5D00
1081
0200
0000
815C
1010
0002
A700
1085
0220
0087
0005
0008
0003
4C00
2081
0000
0002
0013
2010
0202
0500
1000
0230
0088
0014
0008
0002
9300
2081
0200
0000
8194
2020
8902
E800
0603
0300
0000
0064
0010
0000
6500
1000
0010
0000
0066
2010
5400
0A01
0400
0200
0000
814D
0010
0000
4E00
1081
0010
9303
3200
0200
0100
0002
0004
0010
0200
3201
0600
0300
0002
0006
0010
0202
0D00
1000
0210
0002
000E
2010
0602
0001
0600
0300
0000
0064
0010
0000
6500
1000
0010
0000
0066
2010
F400
0001
