0501
0075
0014
0008
0203
0300
1000
0000
0000
8044
1010
0200
1500
2000
0020
0076
0014
0006
0003
5D00
1081
0200
0000
815C
1010
0002
A700
1085
0220
0077
0014
0008
0003
4C00
2081
0000
0002
0013
2010
0202
0500
1000
0230
0078
0014
0008
0002
9300
2081
0200
0000
8194
2020
7902
1400
0600
0300
0000
0064
0010
0000
6500
1000
0010
0000
0066
2010
0300
0091
0032
0002
0201
0400
1000
0000
0098
0032
0006
0203
0600
1000
0200
0002
000D
1010
0202
0E00
1000
0220
0104
0000
0006
0003
6400
1000
0000
0000
0065
1010
0000
6600
1000
0020
01F4
0000
